16308.7
Rota 0: 14 82 43 8 98 12 97 112 42 75 63 81 108 7 89 34 91 5 39 61 86 
Rota 1: 19 115 106 60 118 93 9 87 49 51 37 30 72 24 28 79 15 92 69 54 83 
Rota 2: 95 70 53 111 44 2 77 38 41 48 1 11 31 90 20 78 22 32 117 29 66 
Rota 3: 71 101 110 33 26 10 55 0 23 36 56 76 99 58 21 3 94 59 67 68 80 
Rota 4: 13 57 27 18 17 16 102 40 4 25 116 107 65 45 96 6 109 73 64 85 47 
Rota 5: 35 114 105 74 84 88 50 62 103 104 100 46 52 113 
The total cost of the algorithm is 15664.6
Time elapsed: 0.121496

Rota 0: 14 82 43 8 98 12 97 112 42 75 63 81 108 7 89 34 91 5 39 61 86 
Rota 1: 19 115 106 60 118 93 9 87 49 51 37 30 72 24 28 79 15 92 69 54 83 
Rota 2: 53 95 70 111 44 2 77 38 41 48 1 11 31 90 20 78 22 32 117 29 66 
Rota 3: 71 101 110 33 26 10 55 0 23 36 56 76 99 58 21 3 94 59 67 68 80 
Rota 4: 13 57 27 18 17 16 102 40 4 25 116 107 65 45 96 6 109 73 64 85 47 
Rota 5: 35 114 105 74 84 88 50 62 103 104 100 46 52 113 
The total cost of the algorithm is 15658.4
Time elapsed: 0.121709

Rota 0: 14 82 43 8 98 12 97 112 42 75 63 81 108 7 89 34 91 5 39 61 86 
Rota 1: 19 115 106 60 118 93 9 87 49 51 37 30 72 24 28 79 15 92 69 54 83 
Rota 2: 53 95 70 111 44 2 77 38 41 48 1 11 31 90 20 78 22 32 117 29 66 
Rota 3: 71 101 110 33 26 10 55 0 23 36 56 76 99 58 21 3 94 59 67 68 80 
Rota 4: 13 57 27 18 17 16 102 40 4 25 116 107 65 45 96 6 109 73 64 85 47 
Rota 5: 35 114 105 74 84 88 50 62 103 104 100 46 52 113 
The total cost of the algorithm is 15658.4
Time elapsed: 0.12119

Rota 0: 14 82 43 8 98 12 97 112 42 75 63 81 108 7 89 34 91 5 39 61 86 
Rota 1: 19 115 106 60 118 93 9 87 49 51 37 30 72 24 28 79 15 92 69 54 83 
Rota 2: 53 95 70 111 44 2 77 38 41 48 1 11 31 90 20 78 22 32 117 29 66 
Rota 3: 71 101 110 33 26 10 55 0 23 36 56 76 99 58 21 3 94 59 67 68 80 
Rota 4: 13 57 27 18 17 16 102 40 4 25 116 107 65 45 96 6 109 73 64 85 47 
Rota 5: 35 114 105 74 84 88 50 62 103 104 100 46 52 113 
The total cost of the algorithm is 15658.4
Time elapsed: 0.121143

Rota 0: 14 82 43 8 98 12 97 112 75 42 63 81 108 7 89 34 91 5 39 61 86 
Rota 1: 19 115 106 60 118 93 9 87 49 51 37 30 72 24 28 79 15 92 69 54 83 
Rota 2: 53 95 70 111 44 2 77 38 41 48 1 11 31 90 20 78 22 32 117 29 66 
Rota 3: 71 101 110 33 26 10 55 0 23 36 56 76 99 58 21 3 94 59 67 68 80 
Rota 4: 13 57 27 18 17 16 102 40 4 25 116 107 65 45 96 6 109 73 64 85 47 
Rota 5: 35 114 105 74 84 88 50 62 103 104 100 46 52 113 
The total cost of the algorithm is 15659.7
Time elapsed: 0.120048

Rota 0: 14 82 43 8 98 12 97 112 42 75 63 81 108 7 89 34 91 5 39 61 86 
Rota 1: 19 115 106 60 118 93 9 87 49 51 37 30 72 24 28 79 15 92 69 54 83 
Rota 2: 53 95 70 111 44 2 77 38 41 48 1 11 31 90 20 78 22 32 117 29 66 
Rota 3: 71 101 110 33 26 10 55 0 23 36 56 76 99 58 21 3 94 59 67 68 80 
Rota 4: 13 57 27 18 17 16 102 40 4 25 116 107 65 45 96 6 109 73 64 85 47 
Rota 5: 35 114 105 74 84 88 50 62 103 104 100 46 52 113 
The total cost of the algorithm is 15658.4
Time elapsed: 0.120113

Rota 0: 14 82 43 8 98 12 97 112 42 75 63 81 108 7 89 34 91 5 39 61 86 
Rota 1: 19 115 106 60 118 93 9 87 49 51 37 30 72 24 28 79 15 92 69 54 83 
Rota 2: 53 95 70 111 2 44 77 38 41 48 1 11 31 90 20 78 22 32 117 29 66 
Rota 3: 71 101 110 33 26 10 55 0 23 36 56 76 99 58 21 3 94 59 67 68 80 
Rota 4: 13 57 27 18 17 16 102 40 4 25 116 107 65 45 96 6 109 73 64 85 47 
Rota 5: 35 114 105 74 84 88 50 62 103 104 100 46 52 113 
The total cost of the algorithm is 15658.6
Time elapsed: 0.12

Rota 0: 14 82 43 8 98 12 97 112 42 75 63 81 108 7 89 34 91 5 39 61 86 
Rota 1: 19 115 106 60 118 93 9 87 49 51 37 30 72 24 28 79 15 92 69 54 83 
Rota 2: 53 95 70 111 44 2 77 38 41 48 1 11 31 90 20 78 22 32 117 29 66 
Rota 3: 71 101 110 33 26 10 55 0 23 36 56 76 99 58 21 3 94 59 67 68 80 
Rota 4: 13 57 27 18 17 16 102 40 4 25 116 107 65 45 96 6 109 73 64 85 47 
Rota 5: 35 114 105 74 84 88 50 62 103 104 100 46 52 113 
The total cost of the algorithm is 15658.4
Time elapsed: 0.121021

Rota 0: 14 82 43 8 98 12 97 112 75 42 63 81 108 7 89 34 91 5 39 61 86 
Rota 1: 19 115 106 60 118 93 9 87 49 51 37 30 72 24 28 79 15 92 69 54 83 
Rota 2: 53 95 70 111 44 2 77 38 41 48 1 11 31 90 20 78 22 32 117 29 66 
Rota 3: 71 101 110 33 26 10 55 0 23 36 56 76 99 58 21 3 94 59 67 68 80 
Rota 4: 13 57 27 18 17 16 102 40 4 25 116 107 65 45 96 6 109 73 64 85 47 
Rota 5: 35 114 105 74 84 88 50 62 103 104 100 46 52 113 
The total cost of the algorithm is 15659.7
Time elapsed: 0.120256

Rota 0: 14 82 43 8 98 12 97 112 42 75 63 81 108 7 89 34 91 5 39 61 86 
Rota 1: 19 115 106 60 118 93 9 87 49 51 37 30 72 24 28 79 15 92 69 54 83 
Rota 2: 53 95 70 111 44 2 77 38 41 48 1 11 31 90 20 78 22 32 117 29 66 
Rota 3: 71 101 110 33 26 10 55 0 23 36 56 76 99 58 21 3 94 59 67 68 80 
Rota 4: 13 57 27 18 17 16 102 40 4 25 116 107 65 45 96 6 109 73 64 85 47 
Rota 5: 35 114 105 74 84 88 50 62 103 104 100 46 52 113 
The total cost of the algorithm is 15658.4
Time elapsed: 0.121833

